12 4 2
18 17 5
7 17 5
45 10 2
36 7 5
5 1 5
34 19 3
22 17 3
20 20 1
14 13 1
28 12 2
19 9 2
30 18 2
8 18 2
11 14 5
43 12 1
48 8 2
35 8 3
26 5 5
38 7 1
46 20 5
44 20 4
35 17 2
26 14 3
15 14 1
29 4 5
7 10 1
6 2 4
7 19 3
45 12 5
47 9 4
37 8 3
8 2 2
22 19 1
42 4 4
37 17 1
28 14 1
30 11 4
8 11 4
9 10 5
11 7 3
2 4 2
41 8 3
12 18 2
9 19 2
43 14 5
1 8 3
26 7 4
40 6 1
10 20 5
26 16 5
6 13 5
25 18 4
18 12 1
39 10 2
22 3 4
34 5 3
37 1 3
27 8 4
37 10 5
5 5 4
30 4 1
36 20 2
12 20 2
37 19 2
50 13 2
46 6 5
24 3 3
49 2 3
44 15 4
35 12 2
49 11 3
33 15 1
18 5 4
15 18 5
39 3 3
18 14 2
48 15 5
31 8 1
36 4 1
40 20 1
47 13 5
17 9 3
30 6 3
5 16 2
28 18 5
50 15 3
43 9 4
13 5 2
49 4 3
10 15 4
35 14 2
24 14 1
16 10 1
7 7 4
26 20 1
16 19 4
31 1 2
39 14 3
29 13 2
47 6 4
23 6 5
12 6 5
17 2 4
22 16 1
28 2 4
23 15 3
12 15 2
5 9 4
4 11 3
21 18 5
50 8 4
41 5 1
50 17 4
43 19 5
25 6 3
43 20 4
33 19 4
32 20 1
26 13 4
19 20 2
34 11 4
28 4 3
29 2 2
5 11 1
9 9 3
43 4 1
42 6 4
44 3 4
41 16 4
8 13 5
19 13 5
24 9 5
26 6 2
15 6 5
16 5 4
13 18 4
35 18 1
25 17 3
11 18 3
18 11 2
48 3 3
24 18 2
40 11 1
34 4 4
47 1 4
49 20 2
12 1 5
20 14 1
31 14 4
14 7 4
5 4 1
23 19 2
50 3 5
3 16 2
41 9 1
33 5 3
10 3 2
19 15 3
30 15 1
42 17 3
11 11 4
2 8 3
24 11 5
8 15 5
48 5 1
46 8 5
2 17 3
35 11 4
39 11 1
20 7 2
39 20 4
12 3 2
40 19 1
20 16 2
23 3 4
37 2 5
12 12 1
37 11 5
3 9 5
21 15 5
3 18 4
41 2 3
42 1 5
8 8 3
44 7 1
1 2 2
26 1 5
33 16 3
10 14 1
11 13 4
25 12 1
48 7 4
49 6 2
29 3 2
48 16 3
39 13 4
29 12 4
23 5 2
20 18 1
23 14 1
36 8 3
27 5 2
43 1 2
8 1 5
45 20 3
4 19 2
17 13 5
30 10 4
1 4 5
11 6 2
19 19 1
11 15 3
2 12 4
46 12 1
39 6 3
38 8 4
6 3 4
48 18 2
21 1 5
26 15 1
20 11 5
22 8 2
31 11 2
3 4 1
36 1 4
50 9 3
17 6 4
19 3 5
33 2 1
50 18 2
27 16 4
17 15 1
42 14 3
1 6 2
2 5 4
16 4 2
9 20 5
25 16 3
32 15 3
6 5 3
48 20 5
35 20 4
24 20 4
40 16 4
13 20 4
18 13 4
20 13 1
15 17 5
50 2 3
50 11 4
27 9 4
17 8 3
44 4 3
33 4 1
37 20 5
27 18 2
8 14 1
11 10 2
32 8 1
15 1 5
43 17 5
2 16 2
32 17 4
31 6 4
20 6 4
21 5 2
15 19 4
6 16 3
16 18 3
40 18 5
23 2 2
23 11 4
4 7 3
45 8 4
36 5 1
28 1 4
34 17 5
36 14 1
45 17 2
17 1 4
4 16 4
30 7 1
19 7 5
9 6 5
14 20 5
17 19 2
42 9 1
10 13 3
9 15 2
11 12 5
32 10 5
46 9 4
48 6 2
13 6 1
40 2 5
46 18 3
24 15 4
29 11 1
16 11 1
